4.000000000000000000e+02 1.624654302046571732e+09
4.010000000000000000e+02 1.599049221257128000e+09
4.020000000000000000e+02 1.606779596603359699e+09
4.030000000000000000e+02 1.648810837478842974e+09
4.040000000000000000e+02 1.669326776934080601e+09
4.050000000000000000e+02 1.687672511746344566e+09
4.060000000000000000e+02 1.713244082513356209e+09
4.070000000000000000e+02 1.741086494075749874e+09
4.080000000000000000e+02 1.765141877496976852e+09
4.090000000000000000e+02 1.780070384564416647e+09
4.100000000000000000e+02 1.816186835106242180e+09
4.110000000000000000e+02 1.866155860727650166e+09
4.120000000000000000e+02 1.882619431241064072e+09
4.130000000000000000e+02 1.885878454069243431e+09
4.140000000000000000e+02 1.891744539494796038e+09
4.150000000000000000e+02 1.899343796247765541e+09
4.160000000000000000e+02 1.898501492199099541e+09
4.170000000000000000e+02 1.903727775945181131e+09
4.180000000000000000e+02 1.889053804521077633e+09
4.190000000000000000e+02 1.869389359931064367e+09
4.200000000000000000e+02 1.862015852822026968e+09
4.210000000000000000e+02 1.874048592603888512e+09
4.220000000000000000e+02 1.887705080408802986e+09
4.230000000000000000e+02 1.899541144446040630e+09
4.240000000000000000e+02 1.902010804512363195e+09
4.250000000000000000e+02 1.922433747969300985e+09
4.260000000000000000e+02 1.930955321458038092e+09
4.270000000000000000e+02 1.952844911878644466e+09
4.280000000000000000e+02 1.967999584129294872e+09
4.290000000000000000e+02 1.982547741411883116e+09
4.300000000000000000e+02 2.013429773809371948e+09
4.310000000000000000e+02 2.042804818674204350e+09
4.320000000000000000e+02 2.047138690531763315e+09
4.330000000000000000e+02 2.058536924415387630e+09
4.340000000000000000e+02 2.081942185724562407e+09
4.350000000000000000e+02 2.098835212871806383e+09
4.360000000000000000e+02 2.111113317476506472e+09
4.370000000000000000e+02 2.111945707841579199e+09
4.380000000000000000e+02 2.118203312026820660e+09
4.390000000000000000e+02 2.121906229899288416e+09
4.400000000000000000e+02 2.130958474338232517e+09
4.410000000000000000e+02 2.134046468089555264e+09
4.420000000000000000e+02 2.127010472011333942e+09
4.430000000000000000e+02 2.124356223644704342e+09
4.440000000000000000e+02 2.108232843307857037e+09
4.450000000000000000e+02 2.114890720368332386e+09
4.460000000000000000e+02 2.118110345873448849e+09
4.470000000000000000e+02 2.120965251037909031e+09
4.480000000000000000e+02 2.126286852655063629e+09
4.490000000000000000e+02 2.134033805129506826e+09
4.500000000000000000e+02 2.139845315571703434e+09
4.510000000000000000e+02 2.134044466132275105e+09
4.520000000000000000e+02 2.139980918817549706e+09
4.530000000000000000e+02 2.148052801380914688e+09
4.540000000000000000e+02 2.169727184694221497e+09
4.550000000000000000e+02 2.177964936599110603e+09
4.560000000000000000e+02 2.158582946494615078e+09
4.570000000000000000e+02 2.189615423076529503e+09
4.580000000000000000e+02 2.210644552709527969e+09
4.590000000000000000e+02 2.235862370688954830e+09
4.600000000000000000e+02 2.238881103330173492e+09
4.610000000000000000e+02 2.260564385851207256e+09
4.620000000000000000e+02 2.275811314816465378e+09
4.630000000000000000e+02 2.301154304847537518e+09
4.640000000000000000e+02 2.332229996326850414e+09
4.650000000000000000e+02 2.360113025581246376e+09
4.660000000000000000e+02 2.399871511108330727e+09
4.670000000000000000e+02 2.421239457982088566e+09
4.680000000000000000e+02 2.467297752948365688e+09
4.690000000000000000e+02 2.513630239765765190e+09
4.700000000000000000e+02 2.566426133873299122e+09
4.710000000000000000e+02 2.642716831992078781e+09
4.720000000000000000e+02 2.724835557748031616e+09
4.730000000000000000e+02 2.794975362083717823e+09
4.740000000000000000e+02 2.886189462294353008e+09
4.750000000000000000e+02 2.982323819354365349e+09
4.760000000000000000e+02 3.066552599401295185e+09
4.770000000000000000e+02 3.167820507476557732e+09
4.780000000000000000e+02 3.272907139435770512e+09
4.790000000000000000e+02 3.386308103052992344e+09
4.800000000000000000e+02 3.512018859868666649e+09
4.810000000000000000e+02 3.581848818977376938e+09
4.820000000000000000e+02 3.655913012065231323e+09
4.830000000000000000e+02 3.747855004080128670e+09
4.840000000000000000e+02 3.831786185962324142e+09
4.850000000000000000e+02 3.946234766097591877e+09
4.860000000000000000e+02 3.978231496168255329e+09
4.870000000000000000e+02 4.054173665623793602e+09
4.880000000000000000e+02 4.122208417263522148e+09
4.890000000000000000e+02 4.189021227735542297e+09
4.900000000000000000e+02 4.219986937220082760e+09
4.910000000000000000e+02 4.261002711030707836e+09
4.920000000000000000e+02 4.309968237084430695e+09
4.930000000000000000e+02 4.343479863322460175e+09
4.940000000000000000e+02 4.343929444832647324e+09
4.950000000000000000e+02 4.346746476997361183e+09
4.960000000000000000e+02 4.367672579523569107e+09
4.970000000000000000e+02 4.380596082135251045e+09
4.980000000000000000e+02 4.393448886677451134e+09
4.990000000000000000e+02 4.380404162997776031e+09
5.000000000000000000e+02 4.401303936634677887e+09
5.010000000000000000e+02 4.442543352965240479e+09
5.020000000000000000e+02 4.422582915960461617e+09
5.030000000000000000e+02 4.437150275128937721e+09
5.040000000000000000e+02 4.425847049743634224e+09
5.050000000000000000e+02 4.434411527925528526e+09
5.060000000000000000e+02 4.459052555628136635e+09
5.070000000000000000e+02 4.412604948153223038e+09
5.080000000000000000e+02 4.427166163977858543e+09
5.090000000000000000e+02 4.402998181506712914e+09
5.100000000000000000e+02 4.433578966633626938e+09
5.110000000000000000e+02 4.435727073129989624e+09
5.120000000000000000e+02 4.445138234636081696e+09
5.130000000000000000e+02 4.395564944855993271e+09
5.140000000000000000e+02 4.400054300840243340e+09
5.150000000000000000e+02 4.411947210786389351e+09
5.160000000000000000e+02 4.434603383645068169e+09
5.170000000000000000e+02 4.451493983399903297e+09
5.180000000000000000e+02 4.426468000235445976e+09
5.190000000000000000e+02 4.411572495673172951e+09
5.200000000000000000e+02 4.413494047776643753e+09
5.210000000000000000e+02 4.404684961975513458e+09
5.220000000000000000e+02 4.394243430267797470e+09
5.230000000000000000e+02 4.424675833609872818e+09
5.240000000000000000e+02 4.464984069436598778e+09
5.250000000000000000e+02 4.434400011554640770e+09
5.260000000000000000e+02 4.404494286897534370e+09
5.270000000000000000e+02 4.412950232062937737e+09
5.280000000000000000e+02 4.405059821097105980e+09
5.290000000000000000e+02 4.406913751291924477e+09
5.300000000000000000e+02 4.406844353977942467e+09
5.310000000000000000e+02 4.353958861670561790e+09
5.320000000000000000e+02 4.347100437974140167e+09
5.330000000000000000e+02 4.315237374621273994e+09
5.340000000000000000e+02 4.275943190592254639e+09
5.350000000000000000e+02 4.316274547917344093e+09
5.360000000000000000e+02 4.295065558433400154e+09
5.370000000000000000e+02 4.269316585523924828e+09
5.380000000000000000e+02 4.236561675247378349e+09
5.390000000000000000e+02 4.182901767328119755e+09
5.400000000000000000e+02 4.130360719995221615e+09
5.410000000000000000e+02 4.208850484728824139e+09
5.420000000000000000e+02 4.121464834269684792e+09
5.430000000000000000e+02 4.160815148861000061e+09
5.440000000000000000e+02 4.108329541480585575e+09
5.450000000000000000e+02 4.079047287882346630e+09
5.460000000000000000e+02 4.042276749109642982e+09
5.470000000000000000e+02 4.012779168351677895e+09
5.480000000000000000e+02 4.048277589815457821e+09
5.490000000000000000e+02 4.034778426487631321e+09
5.500000000000000000e+02 3.987774310424029827e+09
5.510000000000000000e+02 3.955019009842664719e+09
5.520000000000000000e+02 3.945855596467527390e+09
5.530000000000000000e+02 3.958412378644609451e+09
5.540000000000000000e+02 3.980864455389246941e+09
5.550000000000000000e+02 3.971862412404606342e+09
5.560000000000000000e+02 3.928265531702794552e+09
5.570000000000000000e+02 3.899014772024626255e+09
5.580000000000000000e+02 3.858229557771774292e+09
5.590000000000000000e+02 3.801932039507773399e+09
5.600000000000000000e+02 3.814029876541394711e+09
5.610000000000000000e+02 3.860186684103534222e+09
5.620000000000000000e+02 3.829067722991508961e+09
5.630000000000000000e+02 3.765948957362046242e+09
5.640000000000000000e+02 3.746563866881375790e+09
5.650000000000000000e+02 3.731719850559250355e+09
5.660000000000000000e+02 3.711989107736485481e+09
5.670000000000000000e+02 3.727008335559581280e+09
5.680000000000000000e+02 3.705749808957451344e+09
5.690000000000000000e+02 3.674417476275042057e+09
5.700000000000000000e+02 3.653902758141213417e+09
5.710000000000000000e+02 3.619198425674729347e+09
5.720000000000000000e+02 3.598284756019354343e+09
5.730000000000000000e+02 3.576541777567708969e+09
5.740000000000000000e+02 3.590416370578968525e+09
5.750000000000000000e+02 3.556125625343812943e+09
5.760000000000000000e+02 3.517581559680739403e+09
5.770000000000000000e+02 3.510851567728140831e+09
5.780000000000000000e+02 3.457793723155762672e+09
5.790000000000000000e+02 3.448613442241508961e+09
5.800000000000000000e+02 3.459077106729247093e+09
5.810000000000000000e+02 3.408549901724639416e+09
5.820000000000000000e+02 3.407826828878319740e+09
5.830000000000000000e+02 3.357770407958390236e+09
5.840000000000000000e+02 3.340586223598227024e+09
5.850000000000000000e+02 3.300785489461344242e+09
5.860000000000000000e+02 3.275400537707179546e+09
5.870000000000000000e+02 3.267255830607087135e+09
5.880000000000000000e+02 3.243340169272428989e+09
5.890000000000000000e+02 3.225568563153747082e+09
5.900000000000000000e+02 3.219790959292908669e+09
5.910000000000000000e+02 3.183300021097062588e+09
5.920000000000000000e+02 3.132215079746289730e+09
5.930000000000000000e+02 3.107228412223629951e+09
5.940000000000000000e+02 3.087869726564245701e+09
5.950000000000000000e+02 3.037019053544173717e+09
5.960000000000000000e+02 3.010541607630221844e+09
5.970000000000000000e+02 2.986583015412153244e+09
5.980000000000000000e+02 2.969077219270738125e+09
5.990000000000000000e+02 2.944663460723054886e+09
6.000000000000000000e+02 2.923889208655921459e+09
6.010000000000000000e+02 2.898806452023252964e+09
6.020000000000000000e+02 2.880357018333240509e+09
6.030000000000000000e+02 2.853895619981508732e+09
6.040000000000000000e+02 2.831880096883317947e+09
6.050000000000000000e+02 2.813151549202465534e+09
6.060000000000000000e+02 2.795096033854102135e+09
6.070000000000000000e+02 2.770435728411739826e+09
6.080000000000000000e+02 2.740562313666018963e+09
6.090000000000000000e+02 2.717810261240832806e+09
6.100000000000000000e+02 2.702243689125545025e+09
6.110000000000000000e+02 2.678687425875406265e+09
6.120000000000000000e+02 2.663417503026719093e+09
6.130000000000000000e+02 2.620809304457086563e+09
6.140000000000000000e+02 2.609940810437891960e+09
6.150000000000000000e+02 2.610204785363720894e+09
6.160000000000000000e+02 2.575623425609241009e+09
6.170000000000000000e+02 2.547199468094775200e+09
6.180000000000000000e+02 2.540628609236839771e+09
6.190000000000000000e+02 2.537288444388602257e+09
6.200000000000000000e+02 2.526572118989124298e+09
6.210000000000000000e+02 2.477540084427518845e+09
6.220000000000000000e+02 2.505208167874802589e+09
6.230000000000000000e+02 2.482303919350322723e+09
6.240000000000000000e+02 2.473696348620519161e+09
6.250000000000000000e+02 2.464246238532857418e+09
6.260000000000000000e+02 2.442742997231603622e+09
6.270000000000000000e+02 2.434968910776474476e+09
6.280000000000000000e+02 2.419269143057681084e+09
6.290000000000000000e+02 2.396804498056449890e+09
6.300000000000000000e+02 2.397811212129987717e+09
6.310000000000000000e+02 2.368691748295600414e+09
6.320000000000000000e+02 2.354932583254191875e+09
6.330000000000000000e+02 2.334559583711236477e+09
6.340000000000000000e+02 2.300921494837145329e+09
6.350000000000000000e+02 2.296278391022695541e+09
6.360000000000000000e+02 2.261928993488348484e+09
6.370000000000000000e+02 2.243313945829951763e+09
6.380000000000000000e+02 2.226170426799966335e+09
6.390000000000000000e+02 2.198371251368471622e+09
6.400000000000000000e+02 2.177560588011137009e+09
6.410000000000000000e+02 2.167453179190436840e+09
6.420000000000000000e+02 2.123984002160318375e+09
6.430000000000000000e+02 2.118465461390113831e+09
6.440000000000000000e+02 2.098317841992745876e+09
6.450000000000000000e+02 2.075513949733706951e+09
6.460000000000000000e+02 2.062243548191277266e+09
6.470000000000000000e+02 2.036443841116655350e+09
6.480000000000000000e+02 2.010177022966028929e+09
6.490000000000000000e+02 1.988987875666196346e+09
6.500000000000000000e+02 1.977599772931452990e+09
6.510000000000000000e+02 1.958238351724115849e+09
6.520000000000000000e+02 1.933548241147321463e+09
6.530000000000000000e+02 1.918687557168715715e+09
6.540000000000000000e+02 1.909390064273936033e+09
6.550000000000000000e+02 1.883339624061364412e+09
6.560000000000000000e+02 1.864025957469241619e+09
6.570000000000000000e+02 1.855523883968294144e+09
6.580000000000000000e+02 1.839167997646552086e+09
6.590000000000000000e+02 1.818214765441738129e+09
6.600000000000000000e+02 1.797171303301409483e+09
6.610000000000000000e+02 1.780060483974415779e+09
6.620000000000000000e+02 1.771396804598224401e+09
6.630000000000000000e+02 1.755514295297463894e+09
6.640000000000000000e+02 1.740030806256067991e+09
6.650000000000000000e+02 1.727642724075259447e+09
6.660000000000000000e+02 1.709039555847914696e+09
6.670000000000000000e+02 1.689242691111834526e+09
6.680000000000000000e+02 1.672816863755485535e+09
6.690000000000000000e+02 1.661434567711380720e+09
6.700000000000000000e+02 1.644830884067135096e+09
6.710000000000000000e+02 1.628235822959170580e+09
6.720000000000000000e+02 1.610805170845936537e+09
6.730000000000000000e+02 1.594340439946258307e+09
6.740000000000000000e+02 1.581363284695151091e+09
6.750000000000000000e+02 1.567629650647600651e+09
6.760000000000000000e+02 1.551409997344706774e+09
6.770000000000000000e+02 1.535650614504656792e+09
6.780000000000000000e+02 1.520279248824953794e+09
6.790000000000000000e+02 1.486966225943179131e+09
6.800000000000000000e+02 1.468920349255834818e+09
6.810000000000000000e+02 1.459544024090714693e+09
6.820000000000000000e+02 1.456327854482124567e+09
6.830000000000000000e+02 1.443385679299171209e+09
6.840000000000000000e+02 1.427278993256236076e+09
6.850000000000000000e+02 1.410468502977101803e+09
6.860000000000000000e+02 1.388954532260672092e+09
6.870000000000000000e+02 1.377134769194450855e+09
6.880000000000000000e+02 1.355174791686731339e+09
6.890000000000000000e+02 1.339144330611358643e+09
6.900000000000000000e+02 1.333028071707569838e+09
6.910000000000000000e+02 1.315398659544724464e+09
6.920000000000000000e+02 1.298220154328694344e+09
6.930000000000000000e+02 1.273722075402639151e+09
6.940000000000000000e+02 1.263773333364837170e+09
6.950000000000000000e+02 1.266727383195608139e+09
6.960000000000000000e+02 1.246896339109820366e+09
6.970000000000000000e+02 1.223087011746858120e+09
6.980000000000000000e+02 1.216077270720432997e+09
6.990000000000000000e+02 1.205000467968155622e+09
7.000000000000000000e+02 1.196212171891823053e+09
7.010000000000000000e+02 1.165861039887142181e+09
7.020000000000000000e+02 1.158061890683345556e+09
7.030000000000000000e+02 1.148120365747494698e+09
7.040000000000000000e+02 1.125729248267440796e+09
7.050000000000000000e+02 1.123405918896975517e+09
7.060000000000000000e+02 1.100646490432107449e+09
7.070000000000000000e+02 1.094975502563875437e+09
7.080000000000000000e+02 1.085768883380859137e+09
7.090000000000000000e+02 1.060581567435189605e+09
7.100000000000000000e+02 1.054311047496964812e+09
7.110000000000000000e+02 1.043956316022387147e+09
7.120000000000000000e+02 1.017084896810615778e+09
7.130000000000000000e+02 1.021689546323142290e+09
7.140000000000000000e+02 1.007246891631277561e+09
7.150000000000000000e+02 9.791028483755820990e+08
7.160000000000000000e+02 9.828603097414247990e+08
7.170000000000000000e+02 9.559894599275338650e+08
7.180000000000000000e+02 9.548980159192744493e+08
7.190000000000000000e+02 9.237572547683248520e+08
7.200000000000000000e+02 9.255273885352742672e+08
7.210000000000000000e+02 9.146252336465301514e+08
7.220000000000000000e+02 9.152153782904275656e+08
7.230000000000000000e+02 8.975569232351162434e+08
7.240000000000000000e+02 8.767919143663573265e+08
7.250000000000000000e+02 8.661380971019603014e+08
7.260000000000000000e+02 8.589686855950173140e+08
7.270000000000000000e+02 8.518294342131066322e+08
7.280000000000000000e+02 8.426321231583447456e+08
7.290000000000000000e+02 8.315203439448404312e+08
7.300000000000000000e+02 8.230854237336095572e+08
7.310000000000000000e+02 8.110452573082700968e+08
7.320000000000000000e+02 8.051016555200390816e+08
7.330000000000000000e+02 7.922260930278217793e+08
7.340000000000000000e+02 7.826819372168807983e+08
7.350000000000000000e+02 7.683442470612540245e+08
7.360000000000000000e+02 7.619122626301382780e+08
7.370000000000000000e+02 7.523923334636750221e+08
7.380000000000000000e+02 7.374453396485416889e+08
7.390000000000000000e+02 7.333187172545756102e+08
7.400000000000000000e+02 7.285290323273830414e+08
7.410000000000000000e+02 7.043893285658144951e+08
7.420000000000000000e+02 7.088477926589462757e+08
7.430000000000000000e+02 6.896866104469130039e+08
7.440000000000000000e+02 6.806387923130445480e+08
7.450000000000000000e+02 6.721518464013828039e+08
7.460000000000000000e+02 6.754659226261185408e+08
7.470000000000000000e+02 6.625188679366805553e+08
7.480000000000000000e+02 6.420974672243803740e+08
7.490000000000000000e+02 6.484403186757549047e+08
7.500000000000000000e+02 6.485819303067516088e+08
7.510000000000000000e+02 6.422384351419906616e+08
7.520000000000000000e+02 6.259208292022008896e+08
7.530000000000000000e+02 6.160237352715095282e+08
7.540000000000000000e+02 6.226520118025734425e+08
7.550000000000000000e+02 6.218095668556953669e+08
7.560000000000000000e+02 6.131781002344360352e+08
7.570000000000000000e+02 6.061684780066432953e+08
7.580000000000000000e+02 6.031624262563778162e+08
7.590000000000000000e+02 6.012573395370825529e+08
7.600000000000000000e+02 5.873579042812175751e+08
7.610000000000000000e+02 5.817158404723826647e+08
7.620000000000000000e+02 5.766695467134850025e+08
7.630000000000000000e+02 5.711472989056458473e+08
7.640000000000000000e+02 5.646372723250440359e+08
7.650000000000000000e+02 5.559480104951173067e+08
7.660000000000000000e+02 5.454743942347303629e+08
7.670000000000000000e+02 5.448747205790126324e+08
7.680000000000000000e+02 5.360455452754788399e+08
7.690000000000000000e+02 5.284802024073241949e+08
7.700000000000000000e+02 5.177104657956061959e+08
7.710000000000000000e+02 5.117235764732627869e+08
7.720000000000000000e+02 5.077464826268410087e+08
7.730000000000000000e+02 4.948626604081551433e+08
7.740000000000000000e+02 4.829415346081887484e+08
7.750000000000000000e+02 4.716236905883142948e+08
7.760000000000000000e+02 4.613926279043888450e+08
7.770000000000000000e+02 4.571489367648581266e+08
7.780000000000000000e+02 4.492667163521862030e+08
7.790000000000000000e+02 4.403557113780272007e+08
7.800000000000000000e+02 4.275504170463923216e+08
7.810000000000000000e+02 4.167110435112679005e+08
7.820000000000000000e+02 4.091857097285603285e+08
7.830000000000000000e+02 4.009446705633529425e+08
7.840000000000000000e+02 3.917039955078107119e+08
7.850000000000000000e+02 3.844983325560840368e+08
7.860000000000000000e+02 3.752055107806684375e+08
7.870000000000000000e+02 3.676781587943763733e+08
7.880000000000000000e+02 3.621028167607619166e+08
7.890000000000000000e+02 3.566969733179017305e+08
7.900000000000000000e+02 3.490333311690817475e+08
7.910000000000000000e+02 3.408652809210688472e+08
7.920000000000000000e+02 3.268160330334575772e+08
7.930000000000000000e+02 3.123268922055262923e+08
7.940000000000000000e+02 2.943253423588387966e+08
7.950000000000000000e+02 2.734008226191084385e+08
7.960000000000000000e+02 2.514683955300928652e+08
7.970000000000000000e+02 2.278390694989408255e+08
7.980000000000000000e+02 2.016461168847606778e+08
7.990000000000000000e+02 1.765507300560915470e+08
8.000000000000000000e+02 1.498037738912336230e+08
